InclDistr
29,49,22
35,39,26
35,36,29
35,29,36
41,24,35
41,22,37
45,17,38
47,15,38
47,12,41
48,10,42
49,11,40
51,9,40
53,8,39
55,7,38
55,7,38
57,5,38
55,11,34
53,11,36
53,10,37
53,11,36
